PORT=udp://127.0.0.1:14601@14605
SYS_ID=5
COMP_ID=1
CLUSTER_ID=1
CLUSTER_POSITION=5
CLUSTER_SIZE=7
CLUSTER_RADIUS=16
AGENT_ALT=15.0
HOME_LAT=40.8467784
HOME_LON=-96.4719180
HOME_ALT=400
RALLY1LAT=0
RALLY1LON=30
RALLY2LAT=30
RALLY2LON=0
